0
0
0
0
0
0
0
0
0
0
0
0
1
1
1
1
1
1
1
1
1
1
1
1
1
1
1
1
1
1
1
1
1
1
1
1
1
1
1
1
1
1
2
2
2
2
2
2
2
2
2
2
2
2
3
3
3
3
3
3
4
4
4
4
4
4
4
4
5
5
5
5
5
5
1797
6
6
6
6
6
6
6
6
6
6
6
6
7
7
7
7
7
7
7
7
7
7
9
265
10
12
2572
4621
14
15
16
17
17
17
529
529
529
21
21
6935
795
6172
30
31
31
289
7970
35
35
35
36
36
36
37
37
37
38
38
38
40
4395
4395
4395
45
45
45
5165
5165
46
46
46
47
47
47
47
47
47
48
48
48
7984
7984
7984
50
50
50
50
50
50
562
562
562
4146
51
51
51
53
53
53
54
54
2617
2617
2617
4153
4153
4153
59
59
59
60
60
60
60
63
63
7231
67
69
70
1094
71
583
72
73
73
74
586
3914
75
76
77
77
77
589
591
5967
2397
351
612
620
365
7789
623
5239
632
1930
653
3728
404
6551
7321
7577
4766
415
5540
1449
6827
685
2226
179
2484
3253
2487
456
6600
465
466
3294
735
4066
743
2025
6638
240
5104
5104
755
4340
763
5886
