4827
32525
20649
11505
10676
12234
21719
31346
23368
21507
10123
1401
27918
20837
13709
28220
2736
16382
9603
13396
6836
31823
29114
31088
18011
8099
20259
23627
14537
21151
1436
32731
22887
11801
7537
4812
1414
7726
1571
27436
3397
31630
6760
2664
30644
20251
9586
7543
21049
29619
19828
19797
3891
2633
1891
29619
14302
29755
30714
2029
30071
18399
26112
22588
13728
29535
8653
25389
28165
456
1547
25937
17216
13917
30138
28470
5882
29233
31606
6039
16723
6133
28157
7632
31108
25102
15852
4244
12739
24299
20681
19682
27240
1941
3398
26933
16461
9351
31940
24828
14970
29889
9751
5193
6914
19224
1417
28621
14120
5584
17953
20740
6854
1132
8229
31405
31472
16325
221
11645
15316
26714
24474
14612
3556
20199
25591
6448
26168
6969
16735
29473
22061
21824
27599
1917
1619
1126
2525
27668
22662
22815
18426
8742
30042
5313
28916
23764
18621
9111
28607
3029
12759
7472
7796
32362
27189
7933
1690
12948
26663
13596
30373
9348
16486
17774
4284
12883
19194
12527
14015
26611
3931
8007
30601
18278
15319
10396
24946
24877
11315
20907
24088
20740
17301
3607
31584
29388
7586
15616
17847
25545
23267
21464
6046
9229
3181
11122
613
27700
